Algoritmo K-means

Alumna: Sharon Chullunquía Rosas

Puntos:

[ 1.0 8.68 2.701 ]
[ 2.0 8.442 4.62 ]
[ 3.0 -6.313 -3.577 ]
[ 4.0 8.172 2.634 ]
[ 5.0 7.753 3.907 ]
[ 6.0 -5.275 -4.554 ]
[ 7.0 -4.319 -4.418 ]
[ 8.0 6.404 1.67 ]
[ 9.0 5.454 1.179 ]
[ 10.0 5.747 0.923 ]
[ 11.0 5.824 2.19 ]
[ 12.0 -5.856 -3.259 ]
[ 13.0 -5.011 -3.936 ]
[ 14.0 6.064 1.046 ]
[ 15.0 9.875 3.871 ]

-------------------------------------------------------------------

ITERACION 1

Centroides Iniciales:

[ C1 -5.85574745 -3.25898703 ]
[ C2 6.40395937 1.66981781 ]
[ C3 8.17211728 2.63388313 ]

Distancias:

[ 15.71 2.499 0.512 ]
[ 16.325 3.586 2.005 ]
[ 0.557 13.757 15.76 ]
[ 15.215 2.014 0.0 ]
[ 15.38 2.612 1.34 ]
[ 1.419 13.233 15.247 ]
[ 1.925 12.33 14.344 ]
[ 13.213 0.0 2.014 ]
[ 12.15 1.069 3.083 ]
[ 12.334 0.994 2.967 ]
[ 12.888 0.779 2.39 ]
[ 0.0 13.213 15.215 ]
[ 1.082 12.718 14.73 ]
[ 12.673 0.71 2.639 ]
[ 17.271 4.11 2.105 ]

Distancia Mínima y Color:

[ 1 yellow 0.512167225666261 ]
[ 2 yellow 2.004639738412588 ]
[ 3 red 0.5568182301709558 ]
[ 4 yellow 0.0 ]
[ 5 yellow 1.3404217147940933 ]
[ 6 red 1.419293834982368 ]
[ 7 red 1.924987262846029 ]
[ 8 blue 0.0 ]
[ 9 blue 1.0689936817762207 ]
[ 10 blue 0.9941452506833074 ]
[ 11 blue 0.7788124066993177 ]
[ 12 red 0.0 ]
[ 13 red 1.0824953356946934 ]
[ 14 blue 0.7104374769259484 ]
[ 15 yellow 2.104647076372085 ]

Centroides Nuevos:

[ C1 -5.354698740000001 -3.948780334 ]
[ C2 5.898604016 1.4016895560000002 ]
[ C3 8.584241119999998 3.546719032 ]

-------------------------------------------------------------------

ITERACION 2

Centroides Iniciales:

[ C1 -5.354698740000001 -3.948780334 ]
[ C2 5.898604016 1.4016895560000002 ]
[ C3 8.584241119999998 3.546719032 ]

Distancias:

[ 15.53 3.07 0.851 ]
[ 16.241 4.102 1.083 ]
[ 1.028 13.187 16.513 ]
[ 15.043 2.586 1.002 ]
[ 15.281 3.117 0.906 ]
[ 0.61 12.661 16.053 ]
[ 1.137 11.758 15.163 ]
[ 13.032 0.572 2.877 ]
[ 11.964 0.497 3.925 ]
[ 12.124 0.502 3.864 ]
[ 12.753 0.791 3.076 ]
[ 0.853 12.645 15.963 ]
[ 0.344 12.146 15.519 ]
[ 12.463 0.392 3.55 ]
[ 17.12 4.681 1.331 ]

Distancia Mínima y Color:

[ 1 yellow 0.8508582270693519 ]
[ 2 yellow 1.0829242129630663 ]
[ 3 red 1.0279709061212439 ]
[ 4 yellow 1.0015565103759734 ]
[ 5 yellow 0.9063178288181584 ]
[ 6 red 0.6103610882912486 ]
[ 7 red 1.1372573565301558 ]
[ 8 blue 0.5720811082438866 ]
[ 9 blue 0.49699096692123074 ]
[ 10 blue 0.5016123951288214 ]
[ 11 blue 0.7914176246267153 ]
[ 12 red 0.852563553077364 ]
[ 13 red 0.34352123116442035 ]
[ 14 blue 0.3920775502474723 ]
[ 15 yellow 1.3305548452268836 ]

Centroides Nuevos:

[ C1 -5.354698740000001 -3.948780334 ]
[ C2 5.898604016 1.4016895560000002 ]
[ C3 8.584241119999998 3.546719032 ]

-------------------------------------------------------------------

ITERACION 3

Centroides Iniciales:

[ C1 -5.354698740000001 -3.948780334 ]
[ C2 5.898604016 1.4016895560000002 ]
[ C3 8.584241119999998 3.546719032 ]

Distancias:

[ 15.53 3.07 0.851 ]
[ 16.241 4.102 1.083 ]
[ 1.028 13.187 16.513 ]
[ 15.043 2.586 1.002 ]
[ 15.281 3.117 0.906 ]
[ 0.61 12.661 16.053 ]
[ 1.137 11.758 15.163 ]
[ 13.032 0.572 2.877 ]
[ 11.964 0.497 3.925 ]
[ 12.124 0.502 3.864 ]
[ 12.753 0.791 3.076 ]
[ 0.853 12.645 15.963 ]
[ 0.344 12.146 15.519 ]
[ 12.463 0.392 3.55 ]
[ 17.12 4.681 1.331 ]

Distancia Mínima y Color:

[ 1 yellow 0.8508582270693519 ]
[ 2 yellow 1.0829242129630663 ]
[ 3 red 1.0279709061212439 ]
[ 4 yellow 1.0015565103759734 ]
[ 5 yellow 0.9063178288181584 ]
[ 6 red 0.6103610882912486 ]
[ 7 red 1.1372573565301558 ]
[ 8 blue 0.5720811082438866 ]
[ 9 blue 0.49699096692123074 ]
[ 10 blue 0.5016123951288214 ]
[ 11 blue 0.7914176246267153 ]
[ 12 red 0.852563553077364 ]
[ 13 red 0.34352123116442035 ]
[ 14 blue 0.3920775502474723 ]
[ 15 yellow 1.3305548452268836 ]

Centroides Nuevos:

[ C1 -5.354698740000001 -3.948780334 ]
[ C2 5.898604016 1.4016895560000002 ]
[ C3 8.584241119999998 3.546719032 ]

